开始降温自检
1   0.1   0.5   73   27.03571   22.69669   24.7587713289036   8.52387113522208   
1.5   0.1   0.5   84   26.41585   23.5231700000001   24.7958393687708   7.34691885794184   
开始降温自检
1   0.1   0.5   86   26.20923   23.10993   24.6860081395349   7.31191245930636   
1.5   0.1   0.5   78   26.20923   22.69669   24.8136869435216   8.52869523702132   
2   0.1   0.5   88   26.62247   22.69669   24.7999580398671   7.15845804699208   
2.5   0.1   0.5   88   26.41585   23.93641   24.8706618936877   5.74503792504646   
3   0.1   0.5   81   26.82909   23.10993   24.8363396345515   7.08849188138508   
3.5   0.1   0.5   75   26.20923   22.90331   24.96951   6.38853536629501   
4   0.1   0.5   84   27.03571   23.31655   24.9962813621262   7.43816745506202   
4.5   0.1   0.5   71   26.62247   23.72979   25.0120696013289   6.43258613168567   
5   0.1   0.5   71   27.03571   23.72979   24.9866711295681   6.29063264328939   
5.5   0.1   0.5   80   27.03571   23.31655   25.0532563122923   7.31257194680562   
6   0.1   0.5   69   26.62247   23.72979   25.0800276744185   6.58234286560449   
6.5   0.1   0.5   79   27.03571   23.93641   25.1246466112956   6.91579175933926   
7   0.1   0.5   77   26.62247   23.31655   25.0436460797342   6.20977897601646   
7.5   0.1   0.5   85   26.20923   23.5231700000001   25.1596553156145   5.77090206968515   
8   0.1   0.5   77   27.44895   23.72979   25.1500450830564   6.86277889376626   
8.5   0.1   0.5   75   26.62247   23.93641   25.1205279401993   6.04942520759816   
9   0.1   0.5   72   26.62247   23.93641   25.1603417607973   6.59646290785964   
9.5   0.1   0.5   84   26.62247   23.72979   25.0978752491694   6.73601456145308   
1   0.1   1   101   26.41585   23.10993   24.7601442192691   8.603798822424   
1.5   0.1   1   111   26.20923   23.10993   24.6743385714286   7.37987603353119   
2   0.1   1   93   26.62247   23.5231700000001   24.8617381063123   6.99191100036485   
2.5   0.1   1   90   27.03571   23.5231700000001   24.9036112624584   7.32082990185691   
3   0.1   1   94   27.03571   23.10993   24.8583058803986   6.82412601891945   
3.5   0.1   1   81   27.03571   22.90331   24.9605862126245   6.88524851258724   
4   0.1   1   83   26.20923   23.72979   24.9132214950166   5.92989007559414   
4.5   0.1   1   93   26.82909   23.5231700000001   25.0436460797342   7.35535036640511   
5   0.1   1   82   26.82909   23.72979   25.041586744186   7.20618788267487   
5.5   0.1   1   87   26.82909   23.10993   25.0868921262458   7.09719043894417   
6   0.1   1   81   26.41585   23.31655   24.9832389036544   6.57516361926759   
6.5   0.1   1   80   26.82909   23.72979   25.1816215614617   6.70731731664505   
7   0.1   1   82   26.62247   23.5231700000001   25.128765282392   6.96153873261526   
7.5   0.1   1   84   26.82909   23.5231700000001   25.1720113289036   7.12728314556605   
8   0.1   1   100   26.82909   23.5231700000001   25.1129770431893   7.12129071083816   
8.5   0.1   1   84   26.62247   23.72979   25.1672062126245   6.82921622449339   
9   0.1   1   73   27.03571   24.34965   25.2344778405315   6.26367661923061   
9.5   0.1   1   78   27.03571   23.5231700000001   25.1960369102989   7.17601100133123   
1   0.1   1.5   112   26.20923   22.4900699999999   24.5178290697675   9.18374509762453   
1.5   0.1   1.5   113   26.62247   22.4900699999999   24.6949319269103   8.63967771663298   
2   0.1   1.5   111   26.82909   22.69669   24.9036112624584   7.74585851354919   
2.5   0.1   1.5   95   26.62247   23.5231700000001   24.9873575747508   7.86718817084804   
3   0.1   1.5   105   27.44895   23.72979   25.0711038870431   8.17450253434136   
3.5   0.1   1.5   92   26.62247   23.5231700000001   25.0518834219269   6.87817922373195   
4   0.1   1.5   92   26.82909   23.5231700000001   25.049137641196   7.14945711021663   
4.5   0.1   1.5   98   27.24233   23.10993   25.128765282392   7.6621837214793   
5   0.1   1.5   95   26.82909   23.31655   25.0498240863787   7.20366812635584   
5.5   0.1   1.5   90   26.62247   23.31655   25.128765282392   7.11319989496302   
6   0.1   1.5   89   27.03571   23.5231700000001   25.1802486710963   7.3571820244078   
6.5   0.1   1.5   88   27.03571   23.72979   25.2269269435216   8.79484846266207   
7   0.1   1.5   71   26.82909   23.72979   25.2214353820597   7.12622836477205   
7.5   0.1   1.5   95   27.03571   23.72979   25.16102820598   7.71551291512321   
8   0.1   1.5   75   26.62247   23.31655   25.0944430232557   6.75225020218816   
8.5   0.1   1.5   97   27.03571   23.5231700000001   25.1816215614617   6.72638510141714   
9   0.1   1.5   77   26.62247   23.31655   25.1397484053156   6.95689194534715   
9.5   0.1   1.5   92   26.62247   23.93641   25.0724767774086   6.17530863090883   
1   0.1   2   119   27.03571   22.90331   24.5535242192692   11.130561759226   
1.5   0.1   2   101   26.62247   23.5231700000001   24.7711273421927   9.46292891210098   
2   0.1   2   113   26.20923   22.90331   24.7731866777409   7.21767310835558   
2.5   0.1   2   91   26.82909   23.93641   24.974315116279   7.78284967037926   
3   0.1   2   118   26.62247   23.72979   25.0010864784053   6.98537606643119   
3.5   0.1   2   109   26.62247   23.5231700000001   25.0745361129568   6.88769942770106   
4   0.1   2   94   26.62247   23.31655   25.0312900664452   8.46660514414135   
4.5   0.1   2   103   27.03571   23.31655   25.0745361129567   7.14328472454752   
5   0.1   2   102   27.03571   24.14303   25.1479857475082   6.18969269429088   
5.5   0.1   2   105   27.03571   23.31655   25.0546292026578   7.14235145630699   
6   0.1   2   97   26.62247   23.5231700000001   25.1514179734219   7.22784507316426   
6.5   0.1   2   90   26.41585   23.72979   25.1713248837209   6.20148239959786   
7   0.1   2   96   26.62247   23.5231700000001   25.1191550498338   6.98886753672767   
7.5   0.1   2   79   27.65557   23.72979   25.2667407641195   7.1279796133494   
8   0.1   2   91   27.03571   23.5231700000001   25.2626220930232   7.89833378712125   
8.5   0.1   2   115   27.03571   24.14303   25.233104950166   6.14364672665385   
9   0.1   2   87   27.03571   23.72979   25.1431806312292   6.97122993673149   
9.5   0.1   2   101   27.24233   23.5231700000001   25.2941985714285   7.55142898624394   
1   0.1   2.5   136   26.20923   23.31655   24.5054730564785   9.97315018037888   
1.5   0.1   2.5   119   27.03571   23.10993   24.7821104651163   8.39140611570772   
2   0.1   2.5   128   26.62247   23.5231700000001   24.8679161129568   7.87661141298429   
2.5   0.1   2.5   120   26.82909   23.10993   24.9530353156146   7.87893395983857   
3   0.1   2.5   111   26.82909   23.5231700000001   24.9626455481727   7.63003703472248   
3.5   0.1   2.5   109   26.62247   23.5231700000001   25.0457054152824   7.09782991188684   
4   0.1   2.5   98   27.24233   23.31655   25.0717903322259   8.50723199337878   
4.5   0.1   2.5   109   26.62247   23.5231700000001   24.9386199667774   6.95874695620571   
5   0.1   2.5   108   26.62247   22.90331   25.0985616943521   7.38815474784047   
5.5   0.1   2.5   107   26.82909   23.72979   25.1397484053156   7.57951266982491   
6   0.1   2.5   88   26.82909   24.14303   25.2688000996677   7.62663452396252   
6.5   0.1   2.5   107   26.62247   23.72979   25.0793412292358   6.03440127217661   
7   0.1   2.5   120   26.82909   23.5231700000001   25.16102820598   6.27523692195219   
7.5   0.1   2.5   92   26.62247   22.90331   25.1019939202657   7.97898161911507   
8   0.1   2.5   76   26.62247   23.72979   25.2715458803986   6.4510808622813   
8.5   0.1   2.5   114   26.82909   23.31655   25.1260195016611   6.99247896686336   
9   0.1   2.5   97   26.62247   24.34965   25.2255540531561   6.94801774357664   
9.5   0.1   2.5   92   27.24233   22.90331   25.1466128571428   7.40050754159096   
1   0.1   3   Tout
1.5   0.1   3   Tout
2   0.1   3   Tout
2.5   0.1   3   Tout
3   0.1   3   Tout
3.5   0.1   3   Tout
4   0.1   3   Tout
4.5   0.1   3   Tout
5   0.1   3   Tout
5.5   0.1   3   Tout
6   0.1   3   Tout
6.5   0.1   3   Tout
7   0.1   3   Tout
7.5   0.1   3   Tout
8   0.1   3   Tout
8.5   0.1   3   Tout
9   0.1   3   Tout
9.5   0.1   3   Tout
1   0.1   3.5   Tout
1.5   0.1   3.5   Tout
2   0.1   3.5   Tout
2.5   0.1   3.5   Tout
3   0.1   3.5   Tout
3.5   0.1   3.5   Tout
4   0.1   3.5   Tout
4.5   0.1   3.5   Tout
5   0.1   3.5   Tout
5.5   0.1   3.5   Tout
6   0.1   3.5   Tout
6.5   0.1   3.5   Tout
7   0.1   3.5   Tout
7.5   0.1   3.5   Tout
8   0.1   3.5   Tout
8.5   0.1   3.5   Tout
9   0.1   3.5   Tout
9.5   0.1   3.5   Tout
1   0.1   4   Tout
1.5   0.1   4   Tout
2   0.1   4   Tout
2.5   0.1   4   Tout
3   0.1   4   Tout
3.5   0.1   4   Tout
4   0.1   4   Tout
4.5   0.1   4   Tout
5   0.1   4   Tout
5.5   0.1   4   Tout
6   0.1   4   Tout
6.5   0.1   4   Tout
7   0.1   4   Tout
7.5   0.1   4   Tout
8   0.1   4   Tout
8.5   0.1   4   Tout
9   0.1   4   Tout
9.5   0.1   4   Tout
1   0.1   4.5   Tout
1.5   0.1   4.5   Tout
2   0.1   4.5   Tout
2.5   0.1   4.5   Tout
3   0.1   4.5   Tout
3.5   0.1   4.5   Tout
4   0.1   4.5   Tout
4.5   0.1   4.5   Tout
5   0.1   4.5   Tout
5.5   0.1   4.5   Tout
6   0.1   4.5   Tout
6.5   0.1   4.5   Tout
7   0.1   4.5   Tout
7.5   0.1   4.5   Tout
8   0.1   4.5   Tout
8.5   0.1   4.5   Tout
9   0.1   4.5   Tout
9.5   0.1   4.5   Tout
1   0.1   5   Tout
1.5   0.1   5   Tout
2   0.1   5   Tout
2.5   0.1   5   Tout
3   0.1   5   Tout
3.5   0.1   5   Tout
4   0.1   5   Tout
4.5   0.1   5   Tout
5   0.1   5   Tout
5.5   0.1   5   Tout
6   0.1   5   Tout
6.5   0.1   5   Tout
7   0.1   5   Tout
7.5   0.1   5   Tout
8   0.1   5   Tout
8.5   0.1   5   Tout
9   0.1   5   Tout
9.5   0.1   5   Tout
1   0.1   5.5   Tout
1.5   0.1   5.5   Tout
2   0.1   5.5   Tout
2.5   0.1   5.5   Tout
3   0.1   5.5   Tout
3.5   0.1   5.5   Tout
4   0.1   5.5   Tout
4.5   0.1   5.5   Tout
5   0.1   5.5   Tout
5.5   0.1   5.5   Tout
6   0.1   5.5   Tout
6.5   0.1   5.5   Tout
7   0.1   5.5   Tout
7.5   0.1   5.5   Tout
8   0.1   5.5   Tout
8.5   0.1   5.5   Tout
9   0.1   5.5   Tout
9.5   0.1   5.5   Tout
1   0.1   6   Tout
1.5   0.1   6   Tout
2   0.1   6   Tout
2.5   0.1   6   Tout
3   0.1   6   Tout
3.5   0.1   6   Tout
4   0.1   6   Tout
4.5   0.1   6   Tout
5   0.1   6   Tout
5.5   0.1   6   Tout
6   0.1   6   Tout
6.5   0.1   6   Tout
7   0.1   6   Tout
7.5   0.1   6   Tout
8   0.1   6   Tout
8.5   0.1   6   Tout
9   0.1   6   Tout
9.5   0.1   6   Tout
1   0.1   6.5   Tout
1.5   0.1   6.5   Tout
2   0.1   6.5   Tout
2.5   0.1   6.5   Tout
3   0.1   6.5   Tout
3.5   0.1   6.5   Tout
4   0.1   6.5   Tout
4.5   0.1   6.5   Tout
5   0.1   6.5   Tout
5.5   0.1   6.5   Tout
6   0.1   6.5   Tout
6.5   0.1   6.5   Tout
7   0.1   6.5   Tout
7.5   0.1   6.5   Tout
8   0.1   6.5   Tout
8.5   0.1   6.5   Tout
9   0.1   6.5   Tout
9.5   0.1   6.5   Tout
1   0.1   7   Tout
1.5   0.1   7   Tout
2   0.1   7   Tout
2.5   0.1   7   Tout
3   0.1   7   Tout
3.5   0.1   7   Tout
4   0.1   7   Tout
4.5   0.1   7   Tout
5   0.1   7   Tout
5.5   0.1   7   Tout
6   0.1   7   Tout
6.5   0.1   7   Tout
7   0.1   7   Tout
7.5   0.1   7   Tout
8   0.1   7   Tout
8.5   0.1   7   Tout
9   0.1   7   Tout
9.5   0.1   7   Tout
1   0.1   7.5   Tout
1.5   0.1   7.5   Tout
2   0.1   7.5   Tout
2.5   0.1   7.5   Tout
3   0.1   7.5   Tout
3.5   0.1   7.5   Tout
4   0.1   7.5   Tout
4.5   0.1   7.5   Tout
5   0.1   7.5   Tout
5.5   0.1   7.5   Tout
6   0.1   7.5   Tout
6.5   0.1   7.5   Tout
7   0.1   7.5   Tout
7.5   0.1   7.5   Tout
8   0.1   7.5   Tout
8.5   0.1   7.5   Tout
9   0.1   7.5   Tout
9.5   0.1   7.5   Tout
1   0.1   8   Tout
1.5   0.1   8   Tout
2   0.1   8   Tout
2.5   0.1   8   Tout
3   0.1   8   Tout
3.5   0.1   8   Tout
4   0.1   8   Tout
4.5   0.1   8   Tout
5   0.1   8   Tout
5.5   0.1   8   Tout
6   0.1   8   Tout
6.5   0.1   8   Tout
7   0.1   8   Tout
7.5   0.1   8   Tout
8   0.1   8   Tout
8.5   0.1   8   Tout
9   0.1   8   Tout
9.5   0.1   8   Tout
1   0.1   8.5   Tout
1.5   0.1   8.5   Tout
2   0.1   8.5   Tout
2.5   0.1   8.5   Tout
3   0.1   8.5   Tout
3.5   0.1   8.5   Tout
4   0.1   8.5   Tout
4.5   0.1   8.5   Tout
5   0.1   8.5   Tout
5.5   0.1   8.5   Tout
6   0.1   8.5   Tout
6.5   0.1   8.5   Tout
7   0.1   8.5   Tout
7.5   0.1   8.5   Tout
8   0.1   8.5   Tout
8.5   0.1   8.5   Tout
9   0.1   8.5   Tout
9.5   0.1   8.5   Tout
1   0.1   9   Tout
1.5   0.1   9   Tout
2   0.1   9   Tout
2.5   0.1   9   Tout
3   0.1   9   Tout
3.5   0.1   9   Tout
4   0.1   9   Tout
4.5   0.1   9   Tout
5   0.1   9   Tout
5.5   0.1   9   Tout
6   0.1   9   Tout
6.5   0.1   9   Tout
7   0.1   9   Tout
7.5   0.1   9   Tout
8   0.1   9   Tout
8.5   0.1   9   Tout
9   0.1   9   Tout
9.5   0.1   9   Tout
1   0.1   9.5   Tout
1.5   0.1   9.5   Tout
2   0.1   9.5   Tout
2.5   0.1   9.5   Tout
3   0.1   9.5   Tout
3.5   0.1   9.5   Tout
4   0.1   9.5   Tout
4.5   0.1   9.5   Tout
5   0.1   9.5   Tout
5.5   0.1   9.5   Tout
6   0.1   9.5   Tout
6.5   0.1   9.5   Tout
7   0.1   9.5   Tout
7.5   0.1   9.5   Tout
8   0.1   9.5   Tout
8.5   0.1   9.5   Tout
9   0.1   9.5   Tout
9.5   0.1   9.5   Tout
1   0.1   10   Tout
开始升温自检
1   0.1   0.2   43   39.84615   35.50713   37.2218700664452   11.8209208930776   
1.5   0.1   0.2   42   40.05277   35.09389   37.1497933222592   12.6363840788051   
2   0.1   0.2   43   39.43291   35.92037   37.1697002325581   10.9749045157252   
2.5   0.1   0.2   43   40.46601   35.50713   37.1848020265781   11.5479959630087   
3   0.1   0.2   43   39.2262899999999   35.09389   37.2170649501662   12.5649985659977   
开始升温自检
1   0.1   0.5   43   39.84615   35.50713   37.1978444850498   13.1540045915169   
1.5   0.1   0.5   44   39.2262899999999   35.09389   37.2033360465117   9.08144603440424   
2   0.1   0.5   43   40.05277   35.50713   37.3756337873754   11.5789054151109   
2.5   0.1   0.5   42   38.81305   34.8872700000001   37.2170649501661   8.74203569017678   
3   0.1   0.5   42   38.81305   35.50713   37.1978444850498   9.02281450719487   
3.5   0.1   0.5   41   39.43291   35.71375   37.2067682724252   9.56415808417569   
4   0.1   0.5   41   39.84615   35.50713   37.2685483388704   9.80751626080576   
4.5   0.1   0.5   43   39.2262899999999   35.09389   37.1902935880399   10.6515928820869   
5   0.1   0.5   41   39.43291   35.71375   37.2458956478405   9.62301390536243   
5.5   0.1   0.5   43   38.81305   35.09389   37.1697002325581   10.2007288249264   
6   0.1   0.5   42   40.2593900000001   35.50713   37.3900491362127   12.767309566145   
6.5   0.1   0.5   42   39.01967   35.50713   37.1648951162791   9.15873818351209   
7   0.1   0.5   41   40.46601   35.71375   37.3090486046512   12.9900699776335   
7.5   0.1   0.5   42   39.2262899999999   35.71375   37.1916664784053   8.41572695492607   
8   0.1   0.5   41   39.84615   35.09389   37.3152266112958   10.2236450672812   
8.5   0.1   0.5   44   39.2262899999999   35.92037   37.2795314617941   10.0787687447703   
9   0.1   0.5   44   40.05277   35.92037   37.2630567774087   10.9941435489162   
9.5   0.1   0.5   43   39.2262899999999   35.09389   37.1237084053156   9.08580238940047   
1   0.1   1   44   39.01967   35.50713   37.2383447508306   10.1071271202112   
1.5   0.1   1   44   38.60643   35.71375   37.2877688039868   7.99452037082715   
2   0.1   1   42   38.81305   35.50713   37.1353779734219   8.27433608657913   
2.5   0.1   1   44   39.84615   35.50713   37.2692347840532   11.4725463662219   
3   0.1   1   44   39.43291   35.71375   37.2486414285714   8.73617675891953   
3.5   0.1   1   42   39.63953   36.12699   37.2802179069768   9.43069410963914   
4   0.1   1   41   39.01967   35.50713   37.16009   9.53591033787555   
4.5   0.1   1   43   39.43291   35.50713   37.1745053488372   9.40412693950315   
5   0.1   1   45   40.2593900000001   35.50713   37.3090486046512   13.1695868844781   
5.5   0.1   1   43   39.2262899999999   35.50713   37.294633255814   9.54569214879725   
6   0.1   1   43   39.01967   34.8872700000001   37.140183089701   9.27308621799815   
6.5   0.1   1   43   38.81305   35.50713   37.2658025581396   8.01091427811653   
7   0.1   1   41   39.63953   35.92037   37.2712941196014   10.3202721562801   
7.5   0.1   1   44   40.2593900000001   34.68065   37.2301074086379   13.9517241802718   
8   0.1   1   42   38.39981   35.50713   37.1614628903655   7.24640439658086   
8.5   0.1   1   40   39.2262899999999   35.50713   37.2678618936877   10.989988704572   
9   0.1   1   42   39.01967   35.50713   37.2417769767442   8.382646198913   
9.5   0.1   1   43   39.63953   35.92037   37.3035570431894   8.19185216894622   
1   0.1   1.5   45   38.81305   35.92037   37.3193452823921   7.20858870559995   
1.5   0.1   1.5   45   39.01967   35.50713   37.1532255481728   7.87779977831602   
2   0.1   1.5   42   38.81305   35.71375   37.2342260797343   7.88749806013131   
2.5   0.1   1.5   41   38.81305   35.92037   37.247268538206   7.67396605482187   
3   0.1   1.5   42   39.63953   35.92037   37.2218700664452   9.59635840983443   
3.5   0.1   1.5   42   39.2262899999999   35.50713   37.2754127906977   10.4137967287276   
4   0.1   1.5   42   39.43291   36.33361   37.3399386378738   8.47884207641251   
4.5   0.1   1.5   44   39.2262899999999   35.50713   37.1134117275747   8.22502777161893   
5   0.1   1.5   43   39.01967   35.71375   37.2486414285715   9.0623877913874   
5.5   0.1   1.5   44   39.2262899999999   35.50713   37.227361627907   8.54441285615943   
6   0.1   1.5   42   38.81305   35.92037   37.1662680066445   8.40496763137164   
6.5   0.1   1.5   44   39.2262899999999   36.12699   37.2877688039867   9.61407794116368   
7   0.1   1.5   41   39.43291   35.09389   37.2438363122924   10.0514874948341   
7.5   0.1   1.5   42   38.81305   35.92037   37.2005902657807   8.20110990005497   
8   0.1   1.5   42   38.81305   35.50713   37.1944122591362   8.60317237103055   
8.5   0.1   1.5   42   39.43291   36.12699   37.3365064119602   9.50354997361119   
9   0.1   1.5   43   38.81305   35.50713   37.1813698006645   7.83470593931826   
9.5   0.1   1.5   43   38.81305   35.50713   37.2156920598007   8.26274040782616   
1   0.1   2   43   38.60643   35.50713   37.242463421927   8.20299477343348   
1.5   0.1   2   43   38.39981   35.09389   37.2939468106313   7.27194120813279   
2   0.1   2   43   38.81305   35.50713   37.2019631561462   7.9666356169153   
2.5   0.1   2   43   39.2262899999999   35.50713   37.1786240199336   8.24042958776043   
3   0.1   2   45   39.01967   36.12699   37.2033360465117   6.21858908767868   
3.5   0.1   2   42   38.60643   35.50713   37.1738189036545   7.4230117744309   
4   0.1   2   42   38.60643   35.92037   37.2246158471762   7.53708445706364   
4.5   0.1   2   43   39.01967   35.50713   37.1559713289037   8.86272254429021   
5   0.1   2   45   38.81305   35.09389   37.2047089368771   8.92771392846243   
5.5   0.1   2   43   38.60643   35.09389   37.2280480730897   7.22413534015547   
6   0.1   2   43   39.84615   35.50713   37.2740399003322   11.2876788286565   
6.5   0.1   2   42   39.63953   34.8872700000001   37.1648951162791   8.63572043288345   
7   0.1   2   43   39.01967   35.50713   37.1896071428571   7.05799264966637   
7.5   0.1   2   44   39.01967   36.12699   37.2047089368771   6.73011630821196   
8   0.1   2   43   39.01967   35.50713   37.2259887375416   8.82773415775089   
8.5   0.1   2   42   39.63953   35.71375   37.2507007641196   10.4707892439646   
9   0.1   2   42   39.2262899999999   36.12699   37.207454717608   8.82725214105175   
9.5   0.1   2   42   40.67263   35.09389   37.2733534551495   12.2666023622683   
1   0.1   2.5   40   38.81305   35.71375   37.3104214950167   8.75557248987345   
1.5   0.1   2.5   47   38.60643   34.68065   37.2781585714286   8.51343175030421   
2   0.1   2.5   42   38.60643   35.71375   37.3598455481728   7.82887453648582   
2.5   0.1   2.5   43   38.81305   35.71375   37.3028705980067   9.08720721970691   
3   0.1   2.5   44   38.60643   34.8872700000001   37.2733534551495   7.60449042119244   
3.5   0.1   2.5   41   39.01967   35.50713   37.1827426910299   7.61243171008597   
4   0.1   2.5   43   38.81305   36.12699   37.2616838870432   6.64156917476236   
4.5   0.1   2.5   42   38.39981   35.71375   37.140183089701   6.97080266770103   
5   0.1   2.5   42   39.63953   35.09389   37.2623703322259   11.224701672453   
5.5   0.1   2.5   44   39.01967   35.71375   37.2458956478406   8.7736645076274   
6   0.1   2.5   43   39.01967   35.50713   37.1882342524917   9.05225608268777   
6.5   0.1   2.5   43   38.39981   35.50713   37.1944122591362   7.26319807622405   
7   0.1   2.5   44   38.19319   35.92037   37.1539119933555   6.31706951967483   
7.5   0.1   2.5   45   38.60643   35.09389   37.0385892026578   7.18407056389407   
8   0.1   2.5   43   38.81305   35.09389   37.2376583056479   7.97183251843866   
8.5   0.1   2.5   43   38.39981   35.09389   37.2342260797343   8.101109282103   
9   0.1   2.5   42   38.39981   35.50713   37.1237084053156   7.11465532601791   
9.5   0.1   2.5   45   40.2593900000001   35.92037   37.2905145847176   11.9305230067953   
1   0.1   3   49   39.01967   36.33361   37.3131672757476   7.81828722990958   
1.5   0.1   3   44   39.2262899999999   35.71375   37.299438372093   10.1813418062505   
2   0.1   3   42   39.01967   35.71375   37.3248368438539   9.21404248424672   
2.5   0.1   3   43   39.01967   35.50713   37.1209626245847   9.24080312877769   
3   0.1   3   43   39.01967   35.71375   37.1820562458472   6.81720140100461   
3.5   0.1   3   44   39.01967   35.50713   37.2712941196013   8.12100881662454   
4   0.1   3   39   38.81305   35.92037   37.1820562458472   8.21973212431267   
4.5   0.1   3   40   39.01967   35.50713   37.2191242857143   9.02394623360386   
5   0.1   3   42   39.43291   36.12699   37.2953197009968   9.14761239286374   
5.5   0.1   3   42   39.43291   35.71375   37.1655815614618   7.3103410876215   
6   0.1   3   42   39.43291   35.92037   37.1607764451828   8.38530219810218   
6.5   0.1   3   44   39.01967   35.71375   37.1642086710964   8.69740230401412   
7   0.1   3   41   39.2262899999999   35.92037   37.1271406312292   7.39325949061583   
7.5   0.1   3   42   39.43291   35.50713   37.3056163787376   10.0475216119277   
8   0.1   3   40   38.60643   35.50713   37.1374373089701   7.00494233134871   
8.5   0.1   3   42   39.63953   35.92037   37.2760992358805   9.0302938455139   
9   0.1   3   44   39.01967   34.8872700000001   37.2095140531562   8.33367238781651   
9.5   0.1   3   43   39.2262899999999   35.50713   37.1786240199336   9.45177103190911   
1   0.1   3.5   46   38.60643   35.50713   37.1697002325582   7.07156410345585   
1.5   0.1   3.5   42   39.43291   34.8872700000001   37.2932603654486   8.37502879534519   
2   0.1   3.5   46   39.01967   35.50713   37.3584726578073   7.52256174176562   
2.5   0.1   3.5   43   38.39981   35.50713   37.1580306644519   7.85419695183849   
3   0.1   3.5   45   38.39981   35.71375   37.2307938538207   5.82856728175378   
3.5   0.1   3.5   42   38.81305   35.50713   37.0921319269102   8.13578821111297   
4   0.1   3.5   49   39.2262899999999   35.50713   37.1642086710964   7.0186365740555   
4.5   0.1   3.5   42   39.01967   35.71375   37.1291999667774   6.42276674816244   
5   0.1   3.5   41   38.81305   36.33361   37.3076757142857   8.14887007125358   
5.5   0.1   3.5   42   39.01967   36.12699   37.1957851495017   9.41202660411241   
6   0.1   3.5   44   38.81305   35.71375   37.2431498671096   8.66415288946333   
6.5   0.1   3.5   42   39.43291   36.12699   37.2767856810631   8.64843968676353   
7   0.1   3.5   45   38.60643   35.92037   37.1223355149502   7.22564694277585   
7.5   0.1   3.5   43   39.01967   36.33361   37.3111079401994   9.64984563855419   
8   0.1   3.5   45   38.60643   35.50713   37.1731324584718   6.82722214715347   
8.5   0.1   3.5   42   39.2262899999999   35.50713   37.2246158471761   8.64018661326878   
9   0.1   3.5   42   39.2262899999999   35.09389   37.2500143189369   8.59396816836012   
9.5   0.1   3.5   42   38.81305   35.50713   37.0838945847176   9.40987143757417   
1   0.1   4   44   38.81305   35.09389   37.3838711295681   7.79952483193795   
1.5   0.1   4   47   38.60643   35.71375   37.2417769767443   8.29561542421967   
2   0.1   4   48   38.81305   35.09389   37.339252192691   6.93543163292343   
2.5   0.1   4   47   38.19319   35.09389   37.1161575083057   6.449695597114   
3   0.1   4   42   39.43291   35.71375   37.2925739202658   8.61694378125883   
3.5   0.1   4   43   39.01967   35.50713   37.2493278737542   7.74164587101742   
4   0.1   4   43   38.81305   35.92037   37.2630567774087   6.79415187305785   
4.5   0.1   4   42   39.43291   35.92037   37.2328531893688   7.90755848849311   
5   0.1   4   46   38.39981   34.8872700000001   37.1243948504984   7.58331040069696   
5.5   0.1   4   42   38.81305   35.71375   37.2465820930233   6.37935967143909   
6   0.1   4   45   38.81305   35.71375   37.2966925913622   7.09593130817795   
6.5   0.1   4   42   38.60643   35.50713   37.2465820930233   7.82229541308574   
7   0.1   4   43   38.39981   34.8872700000001   37.0344705315615   7.22207355398132   
7.5   0.1   4   43   39.43291   35.71375   37.254819435216   8.52099200837579   
8   0.1   4   42   39.01967   35.50713   37.2218700664453   8.27277607652954   
8.5   0.1   4   43   39.63953   35.50713   37.2658025581395   9.28919332399379   
9   0.1   4   43   39.2262899999999   35.92037   37.2239294019934   7.58119662762369   
9.5   0.1   4   41   39.84615   35.92037   37.3296419601329   10.41396016444   
1   0.1   4.5   48   39.01967   35.50713   37.4792870099668   8.21465752255753   
1.5   0.1   4.5   50   38.81305   35.50713   37.3111079401993   7.61192863486807   
2   0.1   4.5   46   39.2262899999999   35.71375   37.3248368438539   9.10216300284184   
2.5   0.1   4.5   43   38.81305   35.92037   37.1765646843854   7.71466725656372   
3   0.1   4.5   43   38.39981   36.12699   37.2905145847177   7.76425738360564   
3.5   0.1   4.5   44   38.39981   35.92037   37.2507007641196   6.3889127759522   
4   0.1   4.5   39   38.60643   34.8872700000001   37.3234639534884   6.95734045484314   
4.5   0.1   4.5   43   39.43291   35.71375   37.3090486046512   9.19994695396749   
5   0.1   4.5   42   39.43291   35.50713   37.319345282392   8.69568984291081   
5.5   0.1   4.5   44   38.60643   35.50713   37.2060818272426   6.24008265319426   
6   0.1   4.5   42   39.01967   36.12699   37.2822772425249   7.88069791776171   
6.5   0.1   4.5   40   38.60643   35.50713   37.2706076744186   7.27843320466526   
7   0.1   4.5   43   39.01967   35.71375   37.1690137873755   8.00352788438221   
7.5   0.1   4.5   42   38.60643   35.50713   37.2445227574751   7.41169165385425   
8   0.1   4.5   42   39.43291   35.50713   37.2012767109635   9.00171009924475   
8.5   0.1   4.5   41   38.60643   35.09389   37.2218700664452   8.58179623326023   
9   0.1   4.5   44   38.81305   35.50713   37.0687927906977   7.42750061972777   
9.5   0.1   4.5   42   39.43291   35.50713   37.2994383720931   9.43258890136226   
1   0.1   5   45   38.81305   35.50713   37.4593800996678   7.99822744615946   
1.5   0.1   5   42   39.01967   36.12699   37.5115499335548   7.33163258891226   
2   0.1   5   44   38.81305   35.92037   37.3186588372093   7.1447538785388   
2.5   0.1   5   42   38.81305   35.50713   37.4669309966778   8.4869846585523   
3   0.1   5   46   38.60643   35.50713   37.3406250830565   6.65432744417681   
3.5   0.1   5   41   38.81305   35.71375   37.2314802990034   8.32159695268128   
4   0.1   5   43   39.2262899999999   36.12699   37.4278036212625   6.7986595488636   
4.5   0.1   5   44   38.60643   35.50713   37.0358434219269   6.38906817344883   
5   0.1   5   44   39.2262899999999   35.92037   37.1518526578073   7.19180555751294   
5.5   0.1   5   44   38.19319   35.92037   37.0763436877077   6.01172419284245   
6   0.1   5   43   38.60643   34.8872700000001   37.1312593023256   6.5669398994322   
6.5   0.1   5   45   38.39981   35.50713   37.2376583056479   7.35920595812062   
7   0.1   5   39   39.43291   36.33361   37.282277242525   7.57689243601966   
7.5   0.1   5   44   39.01967   35.50713   37.3152266112957   7.4506848041334   
8   0.1   5   42   39.84615   34.8872700000001   37.2294209634552   9.88997725980304   
8.5   0.1   5   43   40.46601   35.50713   37.3337606312292   11.4228265341806   
9   0.1   5   43   38.81305   35.71375   37.1140981727575   6.46191085740864   
9.5   0.1   5   44   38.81305   35.50713   37.2390311960133   8.95182937904705   
1   0.1   5.5   45   38.81305   36.12699   37.4566343189369   6.69521084707475   
1.5   0.1   5.5   43   39.43291   35.50713   37.5506773089701   9.81691186171713   
2   0.1   5.5   40   38.81305   35.92037   37.1731324584718   7.63040880185211   
2.5   0.1   5.5   42   39.43291   36.33361   37.3804389036545   8.29746173598527   
3   0.1   5.5   45   38.81305   35.50713   37.179996910299   7.9278722985192   
3.5   0.1   5.5   43   39.63953   35.50713   37.3008112624585   9.72954703594782   
4   0.1   5.5   42   38.39981   35.71375   37.2609974418605   6.51167544702067   
4.5   0.1   5.5   46   38.39981   35.71375   37.2060818272426   6.36203876104951   
5   0.1   5.5   45   38.60643   35.71375   37.207454717608   5.67803912048014   
5.5   0.1   5.5   43   39.01967   35.50713   37.0955641528239   6.53600337063172   
6   0.1   5.5   48   38.60643   35.92037   37.1092930564784   5.93761068299264   
6.5   0.1   5.5   47   38.60643   35.92037   37.2555058803987   7.7111365498799   
7   0.1   5.5   45   38.39981   35.50713   37.227361627907   6.7842286249583   
7.5   0.1   5.5   42   38.81305   35.92037   37.2685483388705   8.04774455655558   
8   0.1   5.5   42   39.63953   35.50713   37.2465820930233   8.23181914810959   
8.5   0.1   5.5   42   39.63953   35.92037   37.2342260797342   9.16901520019332   
9   0.1   5.5   42   39.2262899999999   35.92037   37.3550404318937   9.17550977964955   
9.5   0.1   5.5   45   38.39981   35.50713   37.0584961129568   7.9842770697887   
1   0.1   6   43   39.43291   34.8872700000001   37.5444993023256   9.58979388497758   
1.5   0.1   6   43   39.2262899999999   36.12699   37.4168204983389   7.27964128542243   
2   0.1   6   43   38.81305   35.71375   37.2390311960133   7.1785602235804   
2.5   0.1   6   47   38.81305   35.71375   37.4154476079734   8.18239329232469   
3   0.1   6   45   38.39981   35.50713   37.3035570431894   7.62503500541932   
3.5   0.1   6   43   38.39981   35.92037   37.314540166113   6.7042081258634   
4   0.1   6   44   39.01967   35.92037   37.4168204983389   6.93115615276604   
4.5   0.1   6   43   39.2262899999999   35.71375   37.2692347840532   7.55509064953639   
5   0.1   6   45   38.81305   35.92037   37.2012767109635   6.55360033462868   
5.5   0.1   6   42   38.81305   34.8872700000001   37.1868613621263   8.23879429668828   
6   0.1   6   50   38.60643   35.50713   37.0921319269103   7.15286848944422   
6.5   0.1   6   42   38.81305   34.8872700000001   37.2603109966778   9.28453522236318   
7   0.1   6   43   38.81305   35.50713   37.2857094684386   7.65816582008488   
7.5   0.1   6   44   39.01967   34.8872700000001   37.1642086710964   7.05503800496278   
8   0.1   6   46   38.60643   36.12699   37.2527600996678   6.26181955413103   
8.5   0.1   6   43   38.39981   35.92037   37.3090486046512   6.6778808516336   
9   0.1   6   43   39.43291   35.50713   37.1559713289037   7.73620267378445   
9.5   0.1   6   42   39.43291   35.50713   37.3186588372093   8.54847877550703   
1   0.1   6.5   48   39.01967   36.12699   37.2431498671096   7.60394951550815   
1.5   0.1   6.5   48   38.81305   35.09389   37.2850230232558   8.34691989625818   
2   0.1   6.5   44   39.2262899999999   35.50713   37.4456511960134   7.85988325228629   
2.5   0.1   6.5   40   39.2262899999999   35.71375   37.1738189036545   8.38447334599732   
3   0.1   6.5   45   38.39981   35.71375   37.1999038205981   6.20143665768724   
3.5   0.1   6.5   49   39.01967   35.50713   37.1861749169436   8.00556558001523   
4   0.1   6.5   43   39.01967   34.8872700000001   37.1010557142857   7.36746939651414   
4.5   0.1   6.5   45   38.60643   35.09389   37.1491068770764   6.75603010519233   
5   0.1   6.5   42   38.60643   35.50713   37.1957851495017   8.14254950612645   
5.5   0.1   6.5   43   38.60643   35.92037   37.2040224916944   7.07471232818919   
6   0.1   6.5   43   38.81305   35.92037   37.2589381063124   7.54971960227807   
6.5   0.1   6.5   38   38.39981   35.92037   37.172446013289   6.65984559773102   
7   0.1   6.5   41   39.01967   35.50713   37.2582516611296   8.43622937736826   
7.5   0.1   6.5   41   38.81305   35.71375   37.1491068770764   9.08928284919473   
8   0.1   6.5   43   38.60643   35.50713   37.1559713289037   6.3074300901294   
8.5   0.1   6.5   43   39.43291   35.71375   37.1882342524917   8.58260602922896   
9   0.1   6.5   45   38.39981   35.71375   37.2335396345515   6.36498084751722   
9.5   0.1   6.5   44   38.60643   35.50713   37.1751917940199   7.34705399268525   
1   0.1   7   45   38.60643   35.71375   37.3248368438539   10.9384516254862   
1.5   0.1   7   45   38.81305   34.8872700000001   37.2362854152824   8.73703718049057   
2   0.1   7   42   39.01967   35.50713   37.2960061461795   7.76339876525294   
2.5   0.1   7   42   39.2262899999999   35.50713   37.3886762458472   7.90736118539293   
3   0.1   7   44   38.60643   36.12699   37.2129462790699   7.5672084252407   
3.5   0.1   7   48   38.39981   35.71375   37.2898281395349   5.95383186828119   
4   0.1   7   44   38.60643   36.12699   37.3028705980067   7.53601175133729   
4.5   0.1   7   46   38.60643   35.50713   37.2102004983389   6.78801161546052   
5   0.1   7   43   38.81305   35.92037   37.2500143189369   7.84064154280672   
5.5   0.1   7   42   38.39981   35.71375   37.2136327242526   6.40784345481129   
6   0.1   7   40   39.01967   35.71375   37.2822772425249   9.11177225500146   
6.5   0.1   7   41   39.63953   35.92037   37.2520736544851   9.02138392764545   
7   0.1   7   41   38.81305   35.92037   37.2795314617941   7.70727298746832   
7.5   0.1   7   47   38.81305   35.50713   37.1607764451828   6.51097840542397   
8   0.1   7   42   38.81305   36.12699   37.1861749169436   6.39922740892398   
8.5   0.1   7   41   38.81305   35.71375   37.1230219601329   7.81425884025768   
9   0.1   7   42   39.2262899999999   35.92037   37.3076757142858   6.66786965203824   
9.5   0.1   7   41   39.2262899999999   35.50713   37.1745053488373   7.7902450304396   
1   0.1   7.5   46   38.81305   36.33361   37.3770066777409   7.01976813639024   
1.5   0.1   7.5   43   38.60643   35.92037   37.4243713953488   7.99317191716877   
2   0.1   7.5   41   39.01967   34.68065   37.3632777740864   9.64478820581411   
2.5   0.1   7.5   45   38.60643   35.50713   37.2259887375415   7.17355973223351   
3   0.1   7.5   45   38.60643   35.09389   37.1848020265781   7.43744282387878   
3.5   0.1   7.5   46   39.01967   35.71375   37.2287345182725   7.68331245712791   
4   0.1   7.5   43   38.60643   35.50713   37.3509217607974   7.17314451500659   
4.5   0.1   7.5   44   38.60643   36.12699   37.2891416943522   6.7731601487369   
5   0.1   7.5   42   39.43291   35.71375   37.2712941196014   6.54307384758057   
5.5   0.1   7.5   44   39.43291   34.8872700000001   37.1099795016611   9.8167240378258   
6   0.1   7.5   44   38.19319   35.71375   37.2314802990034   6.89029356405622   
6.5   0.1   7.5   43   38.60643   35.92037   37.3165995016612   6.79429800203279   
7   0.1   7.5   43   38.60643   35.09389   37.250014318937   8.18691620665476   
7.5   0.1   7.5   44   38.39981   35.92037   37.1724460132891   5.79613695807965   
8   0.1   7.5   40   39.43291   35.50713   37.361904883721   8.38489623996163   
8.5   0.1   7.5   44   38.60643   35.50713   37.2239294019933   7.47914678478061   
9   0.1   7.5   45   38.81305   35.09389   37.1724460132891   6.61482107422541   
9.5   0.1   7.5   42   38.81305   36.12699   37.227361627907   6.59274211324121   
1   0.1   8   40   39.63953   35.71375   37.6838476744186   7.67248732041785   
1.5   0.1   8   56   39.01967   36.12699   37.4703632225913   7.57269817614407   
2   0.1   8   53   39.01967   35.71375   37.2829636877077   7.09928849395547   
2.5   0.1   8   51   38.81305   35.92037   37.3227775083057   6.51555137984746   
3   0.1   8   44   38.81305   35.92037   37.3646506644519   6.99758859086958   
3.5   0.1   8   44   38.81305   35.92037   37.4216256146179   6.58186880262838   
4   0.1   8   45   39.01967   35.71375   37.4552614285715   7.35089464121796   
4.5   0.1   8   42   38.60643   35.71375   37.2534465448505   6.65223830051275   
5   0.1   8   44   38.60643   36.12699   37.3214046179403   7.50553581557526   
5.5   0.1   8   43   38.39981   35.92037   37.2184378405316   7.79972486288444   
6   0.1   8   44   38.39981   35.71375   37.1127252823921   5.84111021358964   
6.5   0.1   8   44   38.60643   35.92037   37.3385657475083   6.18969269429092   
7   0.1   8   45   39.2262899999999   36.12699   37.2802179069768   6.75004428127564   
7.5   0.1   8   43   39.01967   36.12699   37.3001248172758   6.5656438866509   
8   0.1   8   42   38.39981   34.8872700000001   37.1655815614618   8.14456983432324   
8.5   0.1   8   49   38.81305   34.8872700000001   37.1765646843854   6.85307919886354   
9   0.1   8   42   38.39981   35.50713   37.2115733887044   6.62574734001716   
9.5   0.1   8   44   39.2262899999999   35.09389   37.2726670099668   8.65499714953796   
1   0.1   8.5   50   39.01967   35.50713   37.3728880066445   7.7605847544374   
1.5   0.1   8.5   62   38.60643   35.71375   37.2493278737542   8.69733707357843   
2   0.1   8.5   44   39.43291   35.71375   37.4985074750831   8.09129892541873   
2.5   0.1   8.5   47   38.81305   35.50713   37.2513872093023   6.82231756276837   
3   0.1   8.5   44   38.81305   35.09389   37.3351335215947   8.0368808512674   
3.5   0.1   8.5   44   38.81305   35.71375   37.1854884717608   7.23598411024363   
4   0.1   8.5   45   38.81305   36.12699   37.3172859468439   7.14790955283125   
4.5   0.1   8.5   45   38.81305   35.50713   37.3337606312293   7.83072222096927   
5   0.1   8.5   46   38.39981   36.12699   37.0145636212625   5.54683073732679   
5.5   0.1   8.5   46   39.43291   36.12699   37.2177513953488   7.14725471614209   
6   0.1   8.5   43   38.81305   36.12699   37.3399386378738   6.55329733901516   
6.5   0.1   8.5   47   37.98657   35.50713   37.1978444850499   6.21562334624987   
7   0.1   8.5   43   38.60643   35.92037   37.2218700664452   6.89965315832615   
7.5   0.1   8.5   46   37.98657   35.71375   37.0667334551495   6.46344711370088   
8   0.1   8.5   44   38.81305   34.8872700000001   37.1312593023257   7.5299867066253   
8.5   0.1   8.5   44   38.60643   35.50713   37.1738189036545   6.9905720396073   
9   0.1   8.5   44   39.01967   36.12699   37.3035570431894   8.29542735088851   
9.5   0.1   8.5   42   39.01967   35.50713   37.162835780731   7.76942535640462   
1   0.1   9   40   38.60643   35.50713   37.3303284053156   8.76046328345919   
1.5   0.1   9   43   38.81305   35.50713   37.3646506644519   6.62142183817563   
2   0.1   9   41   38.81305   35.71375   37.3365064119602   8.54310139203126   
2.5   0.1   9   49   38.19319   35.50713   37.1367508637874   6.05984958415442   
3   0.1   9   41   38.81305   36.12699   37.2568787707641   7.052222906747   
3.5   0.1   9   49   39.2262899999999   35.50713   37.3097350498339   9.5361631857014   
4   0.1   9   53   39.2262899999999   35.09389   37.048199435216   8.71909690041382   
4.5   0.1   9   42   38.39981   35.50713   37.2486414285715   7.28086864602624   
5   0.1   9   42   38.81305   35.50713   37.2809043521595   7.48149793073552   
5.5   0.1   9   48   38.39981   35.71375   37.0852674750831   7.01147925759487   
6   0.1   9   41   38.60643   34.8872700000001   37.247268538206   7.04757553632155   
6.5   0.1   9   45   38.39981   35.50713   37.0976234883721   6.5843033998775   
7   0.1   9   41   38.81305   35.71375   37.3591591029901   9.21858235037574   
7.5   0.1   9   39   38.39981   35.50713   37.0715385714286   6.98764978011111   
8   0.1   9   44   38.60643   36.12699   37.2850230232559   5.99537575791128   
8.5   0.1   9   44   38.60643   35.09389   37.1182168438538   6.43725886245861   
9   0.1   9   43   39.2262899999999   35.92037   37.1333186378738   7.92717453976776   
9.5   0.1   9   44   38.81305   35.09389   37.0852674750831   6.62966355125822   
1   0.1   9.5   48   39.2262899999999   35.50713   37.533516179402   8.2099253079737   
1.5   0.1   9.5   43   39.01967   35.71375   37.5039990365449   8.19505462338243   
2   0.1   9.5   50   39.01967   35.92037   37.3447437541528   6.24866845786046   
2.5   0.1   9.5   44   39.01967   35.92037   37.4058373754153   7.04997001883182   
3   0.1   9.5   42   39.01967   35.71375   37.3783795681063   7.48420841588778   
3.5   0.1   9.5   58   38.60643   35.71375   37.274726345515   6.02518061169806   
4   0.1   9.5   42   39.2262899999999   35.71375   37.3214046179402   7.66871525707415   
4.5   0.1   9.5   44   38.81305   36.33361   37.2664890033223   6.28472261931286   
5   0.1   9.5   42   38.60643   35.71375   37.346803089701   6.91546361373032   
5.5   0.1   9.5   40   39.2262899999999   35.50713   37.2527600996678   8.33283840019103   
6   0.1   9.5   44   38.81305   34.68065   37.1628357807309   6.31441958193643   
6.5   0.1   9.5   49   38.81305   35.71375   37.2088276079735   7.4102945629361   
7   0.1   9.5   44   38.81305   35.92037   37.2287345182725   7.72210954697331   
7.5   0.1   9.5   46   38.81305   35.09389   37.2404040863788   7.7627593069137   
8   0.1   9.5   43   38.81305   35.50713   37.2369718604652   7.19419146510289   
8.5   0.1   9.5   43   38.81305   35.50713   37.3598455481728   8.44281726781023   
9   0.1   9.5   43   38.81305   35.50713   37.1113523920266   7.96560295203566   
9.5   0.1   9.5   43   39.2262899999999   35.71375   37.2815907973422   8.56642867891927   
1   0.1   10   44   39.43291   35.92037   37.7723991029901   9.27859084048102   
1.5   0.1   10   63   38.81305   35.71375   37.3413115282393   8.28144669219695   
2   0.1   10   47   39.43291   34.68065   37.2410905315615   7.44331411896047   
2.5   0.1   10   43   38.81305   35.50713   37.2184378405316   7.29633902676532   
3   0.1   10   46   38.60643   35.50713   37.1587171096346   6.63113955506789   
3.5   0.1   10   44   38.81305   35.50713   37.2438363122924   7.12929276747761   
4   0.1   10   58   38.19319   35.50713   37.1497933222592   6.48224764573825   
4.5   0.1   10   44   38.60643   36.12699   37.2857094684386   7.19245633807518   
5   0.1   10   46   37.98657   34.8872700000001   37.0832081395349   6.71539025151623   
5.5   0.1   10   44   39.01967   35.71375   37.5108634883721   8.20124825411588   
6   0.1   10   43   39.2262899999999   35.50713   37.421625614618   9.04121888325978   
6.5   0.1   10   53   38.81305   35.09389   37.0495723255814   6.09050336490939   
7   0.1   10   44   38.60643   35.92037   37.1545984385382   6.42779967700977   
7.5   0.1   10   42   38.81305   35.09389   37.2452092026579   8.59627839264235   
8   0.1   10   45   38.39981   35.50713   37.187547807309   6.20095634725437   
8.5   0.1   10   40   38.81305   35.92037   37.3138537209303   6.43282866818589   
9   0.1   10   43   39.01967   35.92037   37.2994383720931   8.94951584762567   
9.5   0.1   10   43   39.43291   35.50713   37.2596245514951   8.09557489945371   
1   0.1   10.5   40   38.81305   35.50713   37.4449647508306   8.02586106623509   
1.5   0.1   10.5   41   38.81305   35.71375   37.2767856810631   6.72066833596081   
2   0.1   10.5   42   39.2262899999999   35.92037   37.4799734551495   7.73805415703505   
2.5   0.1   10.5   50   38.81305   35.92037   37.2232429568107   6.08698591917783   
3   0.1   10.5   45   39.2262899999999   35.50713   37.3433708637874   8.71279930801666   
3.5   0.1   10.5   44   38.60643   34.47403   37.1772511295682   7.10040720314108   
4   0.1   10.5   46   38.60643   35.71375   37.3502353156147   7.35777962466239   
4.5   0.1   10.5   42   38.39981   35.50713   37.2177513953489   6.25536083255113   
5   0.1   10.5   48   38.39981   36.12699   37.120276179402   5.96278228347367   
5.5   0.1   10.5   41   38.60643   35.50713   37.1463610963456   7.25430754711565   
6   0.1   10.5   44   38.60643   35.50713   37.3639642192691   7.24628695810093   
6.5   0.1   10.5   51   38.81305   35.50713   37.2163785049834   6.29313483458198   
7   0.1   10.5   45   38.39981   35.71375   37.0838945847176   6.14348512130313   
7.5   0.1   10.5   44   38.81305   35.71375   37.1648951162791   6.76767151606234   
8   0.1   10.5   49   39.01967   35.50713   37.2404040863787   7.57910097878865   
8.5   0.1   10.5   43   39.2262899999999   35.50713   37.2905145847177   7.4499804285699   
9   0.1   10.5   41   39.84615   36.12699   37.4202527242525   9.69527307492505   
9.5   0.1   10.5   43   38.60643   36.33361   37.1957851495017   6.67934620037918   
1   0.1   11   57   38.81305   35.71375   37.4758547840531   7.70060839099824   
1.5   0.1   11   43   39.2262899999999   35.71375   37.4916430232558   7.97551457209812   
2   0.1   11   44   39.01967   35.71375   37.545872192691   7.63288059268283   
2.5   0.1   11   59   38.60643   36.33361   37.294633255814   6.82900853527152   
3   0.1   11   49   38.60643   34.47403   37.2177513953489   7.92882043634592   
3.5   0.1   11   43   38.81305   36.33361   37.4250578405316   6.32472115033519   
4   0.1   11   44   38.81305   36.12699   37.3406250830565   8.29368319505423   
4.5   0.1   11   56   38.60643   35.50713   37.1992173754153   6.48209448206583   
5   0.1   11   49   38.81305   35.71375   37.1978444850499   8.32899076421908   
5.5   0.1   11   44   38.81305   35.92037   37.1806833554818   6.57626365173359   
6   0.1   11   43   38.81305   36.12699   37.3893626910299   6.19647165454038   
6.5   0.1   11   56   38.39981   35.50713   37.1491068770765   8.04797366505801   
7   0.1   11   45   38.39981   35.50713   37.1456746511628   6.14163790100728   
7.5   0.1   11   48   38.39981   35.92037   37.1072337209302   6.75651294043268   
8   0.1   11   43   38.60643   35.50713   37.2191242857143   8.47753719905566   
8.5   0.1   11   42   38.19319   35.92037   37.1813698006644   6.41456876103058   
9   0.1   11   44   38.39981   35.71375   37.1134117275747   6.44388743780508   
9.5   0.1   11   41   39.43291   35.50713   37.3392521926911   8.67480329767509   
1   0.1   11.5   42   38.60643   35.50713   37.2328531893688   7.59921028240042   
1.5   0.1   11.5   65   39.01967   35.50713   37.4346680730898   8.61988958468053   
2   0.1   11.5   51   38.81305   35.71375   37.4634987707641   8.29303331772203   
2.5   0.1   11.5   43   39.01967   36.12699   37.5218466112957   7.43347517007656   
3   0.1   11.5   42   39.01967   35.71375   37.4065238205981   9.65343128116153   
3.5   0.1   11.5   46   38.81305   35.09389   37.3728880066446   8.71909690041382  
 
4   0.1   11.5   45   37.98657   35.09389   37.008385614618   7.6832016968327   

4.5   0.1   11.5   50   38.39981   35.71375   37.1044879401994   6.67994074296498   
5   0.1   11.5   44   38.60643   36.12699   37.294633255814   6.47605257010866   
5.5   0.1   11.5   40   39.2262899999999   36.33361   37.3701422259136   6.89292787751401   
6   0.1   11.5   42   38.60643   35.50713   37.3241503986711   6.28488059297502   
6.5   0.1   11.5   43   38.81305   35.09389   37.4264307308971   8.17091015103214   
7   0.1   11.5   42   39.43291   35.50713   37.2575652159469   8.62625500603315   
7.5   0.1   11.5   45   38.81305   35.50713   37.3728880066446   8.55100033327127   
8   0.1   11.5   42   38.81305   35.50713   37.0907590365449   7.31420101393322   
8.5   0.1   11.5   44   38.60643   36.33361   37.2328531893688   5.94789718560603   
9   0.1   11.5   48   38.39981   35.09389   37.2033360465117   6.7770539609329   
9.5   0.1   11.5   42   38.81305   35.92037   37.1552848837209   6.9971832014691   
1   0.1   12   50   38.81305   35.92037   37.299438372093   7.0979098419537   
1.5   0.1   12   44   39.01967   35.71375   37.4847785714286   7.43175774023122   
2   0.1   12   46   39.2262899999999   35.92037   37.5925504651163   7.4365846166863   
2.5   0.1   12   46   39.43291   36.12699   37.6968901328903   8.5100324428991   
3   0.1   12   44   38.39981   35.50713   37.311794385382   6.22861650357549   
3.5   0.1   12   43   38.19319   35.50713   37.0907590365449   5.4787802522296   
4   0.1   12   43   38.60643   36.33361   37.4387867441861   6.89743268989342   
4.5   0.1   12   44   38.81305   36.33361   37.4847785714286   7.23380806009445   
5   0.1   12   47   37.98657   35.50713   37.0715385714286   5.69504950635959   
5.5   0.1   12   44   38.81305   35.09389   37.2960061461794   6.47401543837606   
6   0.1   12   41   39.2262899999999   35.50713   37.3104214950167   9.77830351640968   
6.5   0.1   12   43   38.60643   35.09389   37.0818352491695   6.8366680885434   
7   0.1   12   39   38.81305   36.12699   37.3934813621263   7.66431217015218   
7.5   0.1   12   43   38.81305   35.71375   37.2307938538206   7.86718817084798   
8   0.1   12   46   38.60643   35.71375   37.1443017607973   5.95711842316125   
