1   0.1   0.5   86   26.20923   23.10993   24.6860081395349   7.31191245930636   
1.5   0.1   0.5   78   26.20923   22.69669   24.8136869435216   8.52869523702132   
2   0.1   0.5   88   26.62247   22.69669   24.7999580398671   7.15845804699208   
2.5   0.1   0.5   88   26.41585   23.93641   24.8706618936877   5.74503792504646   
3   0.1   0.5   81   26.82909   23.10993   24.8363396345515   7.08849188138508   
3.5   0.1   0.5   75   26.20923   22.90331   24.96951   6.38853536629501   
4   0.1   0.5   84   27.03571   23.31655   24.9962813621262   7.43816745506202   
4.5   0.1   0.5   71   26.62247   23.72979   25.0120696013289   6.43258613168567   
5   0.1   0.5   71   27.03571   23.72979   24.9866711295681   6.29063264328939   
5.5   0.1   0.5   80   27.03571   23.31655   25.0532563122923   7.31257194680562   
6   0.1   0.5   69   26.62247   23.72979   25.0800276744185   6.58234286560449   
6.5   0.1   0.5   79   27.03571   23.93641   25.1246466112956   6.91579175933926   
7   0.1   0.5   77   26.62247   23.31655   25.0436460797342   6.20977897601646   
7.5   0.1   0.5   85   26.20923   23.5231700000001   25.1596553156145   5.77090206968515   
8   0.1   0.5   77   27.44895   23.72979   25.1500450830564   6.86277889376626   
8.5   0.1   0.5   75   26.62247   23.93641   25.1205279401993   6.04942520759816   
9   0.1   0.5   72   26.62247   23.93641   25.1603417607973   6.59646290785964   
9.5   0.1   0.5   84   26.62247   23.72979   25.0978752491694   6.73601456145308   
1   0.1   1   101   26.41585   23.10993   24.7601442192691   8.603798822424   
1.5   0.1   1   111   26.20923   23.10993   24.6743385714286   7.37987603353119   
2   0.1   1   93   26.62247   23.5231700000001   24.8617381063123   6.99191100036485   
2.5   0.1   1   90   27.03571   23.5231700000001   24.9036112624584   7.32082990185691   
3   0.1   1   94   27.03571   23.10993   24.8583058803986   6.82412601891945   
3.5   0.1   1   81   27.03571   22.90331   24.9605862126245   6.88524851258724   
4   0.1   1   83   26.20923   23.72979   24.9132214950166   5.92989007559414   
4.5   0.1   1   93   26.82909   23.5231700000001   25.0436460797342   7.35535036640511   
5   0.1   1   82   26.82909   23.72979   25.041586744186   7.20618788267487   
5.5   0.1   1   87   26.82909   23.10993   25.0868921262458   7.09719043894417   
6   0.1   1   81   26.41585   23.31655   24.9832389036544   6.57516361926759   
6.5   0.1   1   80   26.82909   23.72979   25.1816215614617   6.70731731664505   
7   0.1   1   82   26.62247   23.5231700000001   25.128765282392   6.96153873261526   
7.5   0.1   1   84   26.82909   23.5231700000001   25.1720113289036   7.12728314556605   
8   0.1   1   100   26.82909   23.5231700000001   25.1129770431893   7.12129071083816   
8.5   0.1   1   84   26.62247   23.72979   25.1672062126245   6.82921622449339   
9   0.1   1   73   27.03571   24.34965   25.2344778405315   6.26367661923061   
9.5   0.1   1   78   27.03571   23.5231700000001   25.1960369102989   7.17601100133123   
1   0.1   1.5   112   26.20923   22.4900699999999   24.5178290697675   9.18374509762453   
1.5   0.1   1.5   113   26.62247   22.4900699999999   24.6949319269103   8.63967771663298   
2   0.1   1.5   111   26.82909   22.69669   24.9036112624584   7.74585851354919   
2.5   0.1   1.5   95   26.62247   23.5231700000001   24.9873575747508   7.86718817084804   
3   0.1   1.5   105   27.44895   23.72979   25.0711038870431   8.17450253434136   
3.5   0.1   1.5   92   26.62247   23.5231700000001   25.0518834219269   6.87817922373195   
4   0.1   1.5   92   26.82909   23.5231700000001   25.049137641196   7.14945711021663   
4.5   0.1   1.5   98   27.24233   23.10993   25.128765282392   7.6621837214793   
5   0.1   1.5   95   26.82909   23.31655   25.0498240863787   7.20366812635584   
5.5   0.1   1.5   90   26.62247   23.31655   25.128765282392   7.11319989496302   
6   0.1   1.5   89   27.03571   23.5231700000001   25.1802486710963   7.3571820244078   
6.5   0.1   1.5   88   27.03571   23.72979   25.2269269435216   8.79484846266207   
7   0.1   1.5   71   26.82909   23.72979   25.2214353820597   7.12622836477205   
7.5   0.1   1.5   95   27.03571   23.72979   25.16102820598   7.71551291512321   
8   0.1   1.5   75   26.62247   23.31655   25.0944430232557   6.75225020218816   
8.5   0.1   1.5   97   27.03571   23.5231700000001   25.1816215614617   6.72638510141714   
9   0.1   1.5   77   26.62247   23.31655   25.1397484053156   6.95689194534715   
9.5   0.1   1.5   92   26.62247   23.93641   25.0724767774086   6.17530863090883   
1   0.1   2   119   27.03571   22.90331   24.5535242192692   11.130561759226   
1.5   0.1   2   101   26.62247   23.5231700000001   24.7711273421927   9.46292891210098   
2   0.1   2   113   26.20923   22.90331   24.7731866777409   7.21767310835558   
2.5   0.1   2   91   26.82909   23.93641   24.974315116279   7.78284967037926   
3   0.1   2   118   26.62247   23.72979   25.0010864784053   6.98537606643119   
3.5   0.1   2   109   26.62247   23.5231700000001   25.0745361129568   6.88769942770106   
4   0.1   2   94   26.62247   23.31655   25.0312900664452   8.46660514414135   
4.5   0.1   2   103   27.03571   23.31655   25.0745361129567   7.14328472454752   
5   0.1   2   102   27.03571   24.14303   25.1479857475082   6.18969269429088   
5.5   0.1   2   105   27.03571   23.31655   25.0546292026578   7.14235145630699   
6   0.1   2   97   26.62247   23.5231700000001   25.1514179734219   7.22784507316426   
6.5   0.1   2   90   26.41585   23.72979   25.1713248837209   6.20148239959786   
7   0.1   2   96   26.62247   23.5231700000001   25.1191550498338   6.98886753672767   
7.5   0.1   2   79   27.65557   23.72979   25.2667407641195   7.1279796133494   
8   0.1   2   91   27.03571   23.5231700000001   25.2626220930232   7.89833378712125   
8.5   0.1   2   115   27.03571   24.14303   25.233104950166   6.14364672665385   
9   0.1   2   87   27.03571   23.72979   25.1431806312292   6.97122993673149   
9.5   0.1   2   101   27.24233   23.5231700000001   25.2941985714285   7.55142898624394   
1   0.1   2.5   136   26.20923   23.31655   24.5054730564785   9.97315018037888   
1.5   0.1   2.5   119   27.03571   23.10993   24.7821104651163   8.39140611570772   
2   0.1   2.5   128   26.62247   23.5231700000001   24.8679161129568   7.87661141298429   
2.5   0.1   2.5   120   26.82909   23.10993   24.9530353156146   7.87893395983857   
3   0.1   2.5   111   26.82909   23.5231700000001   24.9626455481727   7.63003703472248   
3.5   0.1   2.5   109   26.62247   23.5231700000001   25.0457054152824   7.09782991188684   
4   0.1   2.5   98   27.24233   23.31655   25.0717903322259   8.50723199337878   
4.5   0.1   2.5   109   26.62247   23.5231700000001   24.9386199667774   6.95874695620571   
5   0.1   2.5   108   26.62247   22.90331   25.0985616943521   7.38815474784047   
5.5   0.1   2.5   107   26.82909   23.72979   25.1397484053156   7.57951266982491   
6   0.1   2.5   88   26.82909   24.14303   25.2688000996677   7.62663452396252   
6.5   0.1   2.5   107   26.62247   23.72979   25.0793412292358   6.03440127217661   
7   0.1   2.5   120   26.82909   23.5231700000001   25.16102820598   6.27523692195219   
7.5   0.1   2.5   92   26.62247   22.90331   25.1019939202657   7.97898161911507   
8   0.1   2.5   76   26.62247   23.72979   25.2715458803986   6.4510808622813   
8.5   0.1   2.5   114   26.82909   23.31655   25.1260195016611   6.99247896686336   
9   0.1   2.5   97   26.62247   24.34965   25.2255540531561   6.94801774357664   
9.5   0.1   2.5   92   27.24233   22.90331   25.1466128571428   7.40050754159096 